Homes:
  f4d9067d-8749-49e3-8b33-0c879bad2c44:
    X: -641.2075385146625
    Y: 72.0
    Z: -122.389959329283
    Yaw: 132.56355
    Pitch: 35.678673
    World: world
