Homes:
  f4d9067d-8749-49e3-8b33-0c879bad2c44:
    X: -645.0538245518642
    Y: 72.0
    Z: -122.68874423809709
    Yaw: 148.19432
    Pitch: 23.033644
    World: world
