teleportenabled: true
teleportauto: false
godmode: false
muted: false
jailed: false
ip-address: 0:0:0:0:0:0:0:1%0
afk: false
socialspy: false
npc: false
powertoolsenabled: true
accepting-pay: true
baltop-exempt: false
timestamps:
  lastteleport: 1657105393381
  lastheal: 0
  mute: 0
  jail: 0
  onlinejail: 0
  logout: 1657105868299
  login: 1657102545744
money: '0'
last-account-name: HaxorBeing
logoutlocation:
  world: 6961891d-b385-480c-a60c-6fc41e1e866d
  world-name: world
  x: -942.8224373752038
  y: 77.0
  z: 473.6030519993787
  yaw: 139.71017456054688
  pitch: -1.6552661657333374
lastlocation:
  world: 6961891d-b385-480c-a60c-6fc41e1e866d
  world-name: world
  x: -968.6999999880791
  y: 64.0
  z: -269.3606210342319
  yaw: 158.39273071289062
  pitch: 16.458797454833984
homes:
  home:
    world: 6961891d-b385-480c-a60c-6fc41e1e866d
    world-name: world
    x: -632.5137237940246
    y: 72.0
    z: -197.69999998807907
    yaw: -359.84814453125
    pitch: 6.427839279174805
  village1:
    world: 6961891d-b385-480c-a60c-6fc41e1e866d
    world-name: world
    x: -811.241676614074
    y: 71.0
    z: -258.66299357955006
    yaw: -282.45086669921875
    pitch: 10.698967933654785
  spiderspawner:
    world: 6961891d-b385-480c-a60c-6fc41e1e866d
    world-name: world
    x: -700.3000000119209
    y: 12.0
    z: -180.69999998807907
    yaw: -283.265625
    pitch: 12.636051177978516
  mushroom:
    world: 6961891d-b385-480c-a60c-6fc41e1e866d
    world-name: world
    x: -516.2059288015115
    y: 77.0
    z: -1408.6842892986456
    yaw: -180.21714782714844
    pitch: 4.271488666534424
  village3:
    world: 6961891d-b385-480c-a60c-6fc41e1e866d
    world-name: world
    x: -273.45995805913805
    y: 69.0
    z: -2240.0100676715842
    yaw: -140.45309448242188
    pitch: 24.781780242919922
  explore:
    world: 6961891d-b385-480c-a60c-6fc41e1e866d
    world-name: world
    x: -1789.219853275521
    y: 68.0
    z: -7295.559117122899
    yaw: -192.78924560546875
    pitch: 16.625667572021484
