teleportenabled: true
teleportauto: false
godmode: false
muted: false
jailed: false
ip-address: 0:0:0:0:0:0:0:1%0
afk: false
socialspy: false
npc: false
powertoolsenabled: true
accepting-pay: true
baltop-exempt: false
timestamps:
  lastteleport: 1656580723638
  lastheal: 0
  mute: 0
  jail: 0
  onlinejail: 0
  logout: 1656416454223
  login: 1656580635379
money: '0'
last-account-name: HaxorBeing
logoutlocation:
  world: 6961891d-b385-480c-a60c-6fc41e1e866d
  world-name: world
  x: -711.8398815711878
  y: 64.0
  z: -823.9725316317904
  yaw: 170.180908203125
  pitch: -21.16032600402832
lastlocation:
  world: 6961891d-b385-480c-a60c-6fc41e1e866d
  world-name: world
  x: -709.4408309461405
  y: 69.0
  z: -826.3000000119209
  yaw: 182.74163818359375
  pitch: 36.777496337890625
homes:
  home:
    world: 6961891d-b385-480c-a60c-6fc41e1e866d
    world-name: world
    x: -632.5137237940246
    y: 72.0
    z: -197.69999998807907
    yaw: -359.84814453125
    pitch: 6.427839279174805
  village1:
    world: 6961891d-b385-480c-a60c-6fc41e1e866d
    world-name: world
    x: 314.50724153110247
    y: 64.0
    z: 158.8205468875843
    yaw: -48.3275146484375
    pitch: 17.814924240112305
  spiderspawner:
    world: 6961891d-b385-480c-a60c-6fc41e1e866d
    world-name: world
    x: -700.3000000119209
    y: 12.0
    z: -180.69999998807907
    yaw: -283.265625
    pitch: 12.636051177978516
