teleportenabled: true
teleportauto: false
godmode: false
muted: false
jailed: false
ip-address: 0:0:0:0:0:0:0:1%0
afk: false
socialspy: false
npc: false
powertoolsenabled: true
accepting-pay: true
baltop-exempt: false
timestamps:
  lastteleport: 1656417237919
  lastheal: 0
  mute: 0
  jail: 0
  onlinejail: 0
  logout: 1656416562345
  login: 1656416882681
money: '0'
last-account-name: bruhTM_
logoutlocation:
  world: 6961891d-b385-480c-a60c-6fc41e1e866d
  world-name: world
  x: -869.8903772285591
  y: 74.0
  z: -807.3000000119209
  yaw: 53.394126892089844
  pitch: 35.661869049072266
lastlocation:
  world: 6961891d-b385-480c-a60c-6fc41e1e866d
  world-name: world
  x: -1067.1909815396584
  y: 64.0
  z: -920.7807921126421
  yaw: -21.893489837646484
  pitch: -4.570809364318848
homes:
  home:
    world: 6961891d-b385-480c-a60c-6fc41e1e866d
    world-name: world
    x: -638.7498227612778
    y: 72.0
    z: -121.4362062006177
    yaw: 154.47344970703125
    pitch: 50.497806549072266
  nether_portal:
    world: 6961891d-b385-480c-a60c-6fc41e1e866d
    world-name: world
    x: -646.5103336031317
    y: 72.0
    z: -123.26541056060367
    yaw: 102.04830932617188
    pitch: 42.27048873901367
  village_1:
    world: 6961891d-b385-480c-a60c-6fc41e1e866d
    world-name: world
    x: 276.06635032594994
    y: 72.0
    z: 159.221097269199
    yaw: -222.858154296875
    pitch: 22.459733963012695
