teleportenabled: true
teleportauto: false
godmode: false
muted: false
jailed: false
ip-address: 0:0:0:0:0:0:0:1%0
afk: false
socialspy: false
npc: false
powertoolsenabled: true
accepting-pay: true
baltop-exempt: false
timestamps:
  lastteleport: 1656506680328
  lastheal: 0
  mute: 0
  jail: 0
  onlinejail: 0
  logout: 1656579284585
  login: 1656579297363
money: '0'
last-account-name: bruhTM_
logoutlocation:
  world: f2880bd8-9a9f-4d53-8cc8-8441b4b4ed67
  world-name: world_nether
  x: 53.70791287292229
  y: 68.0
  z: 0.3699548437655951
  yaw: -224.0263671875
  pitch: 39.604698181152344
lastlocation:
  world: f2880bd8-9a9f-4d53-8cc8-8441b4b4ed67
  world-name: world_nether
  x: 53.70791287292229
  y: 68.0
  z: 0.3699548437655951
  yaw: -224.0263671875
  pitch: 39.604698181152344
homes:
  home:
    world: 6961891d-b385-480c-a60c-6fc41e1e866d
    world-name: world
    x: -638.7498227612778
    y: 72.0
    z: -121.4362062006177
    yaw: 154.47344970703125
    pitch: 50.497806549072266
  nether_portal:
    world: 6961891d-b385-480c-a60c-6fc41e1e866d
    world-name: world
    x: -646.5103336031317
    y: 72.0
    z: -123.26541056060367
    yaw: 102.04830932617188
    pitch: 42.27048873901367
  village_1:
    world: 6961891d-b385-480c-a60c-6fc41e1e866d
    world-name: world
    x: 276.06635032594994
    y: 72.0
    z: 159.221097269199
    yaw: -222.858154296875
    pitch: 22.459733963012695
  village_2:
    world: 6961891d-b385-480c-a60c-6fc41e1e866d
    world-name: world
    x: -864.7204911858179
    y: 70.0
    z: -245.10058323583687
    yaw: 358.0106201171875
    pitch: 25.064496994018555
  fletcher:
    world: 6961891d-b385-480c-a60c-6fc41e1e866d
    world-name: world
    x: -887.4418036619489
    y: 68.0
    z: -244.6995593168671
    yaw: 78.26458740234375
    pitch: 68.37981414794922
