teleportenabled: true
teleportauto: false
godmode: false
muted: false
jailed: false
ip-address: 0:0:0:0:0:0:0:1%0
afk: false
socialspy: false
npc: false
powertoolsenabled: true
accepting-pay: true
baltop-exempt: false
timestamps:
  lastteleport: 1656409523473
  lastheal: 0
  mute: 0
  jail: 0
  onlinejail: 0
  logout: 1656414451800
  login: 1656414594894
money: '0'
last-account-name: bruhTM_
logoutlocation:
  world: 6961891d-b385-480c-a60c-6fc41e1e866d
  world-name: world
  x: -651.2914658666031
  y: 72.0
  z: -117.2800642653231
  yaw: 143.2412109375
  pitch: 20.35521697998047
lastlocation:
  world: 6961891d-b385-480c-a60c-6fc41e1e866d
  world-name: world
  x: -540.3651614164754
  y: 70.0
  z: -156.92806024575304
  yaw: 69.765869140625
  pitch: 27.906944274902344
homes:
  home:
    world: 6961891d-b385-480c-a60c-6fc41e1e866d
    world-name: world
    x: -638.7498227612778
    y: 72.0
    z: -121.4362062006177
    yaw: 154.47344970703125
    pitch: 50.497806549072266
  nether_portal:
    world: 6961891d-b385-480c-a60c-6fc41e1e866d
    world-name: world
    x: -646.5103336031317
    y: 72.0
    z: -123.26541056060367
    yaw: 102.04830932617188
    pitch: 42.27048873901367
  village_1:
    world: 6961891d-b385-480c-a60c-6fc41e1e866d
    world-name: world
    x: 276.06635032594994
    y: 72.0
    z: 159.221097269199
    yaw: -222.858154296875
    pitch: 22.459733963012695
